InChI	InChIKey	SMILES	Synonyms	PUBCHEM_CID	Molecular formula	Major Isotope Mass	ALogP	Lipinski_Violations	Insecticide_Likeness_Violations	Post_Em_Herbicide_Likeness_Violations	Metabolite ID	cdk:Title	Reaction	Reaction ID	Enzyme(s)	Biosystem	Precursor ID	Precursor SMILES	Precursor InChI	Precursor InChIKey	Precursor ALogP	Precursor Major Isotope Mass	origin_molecule
InChI=1S/C15H14O3/c16-13-4-1-10(2-5-13)12-7-11-3-6-14(17)8-15(11)18-9-12/h1-6,8,12,16-17H,7,9H2	ADFCQWZHKCXPAJ-UHFFFAOYSA-N	OC1=CC=C2CC(COC2=C1)C3=CC=C(O)C=C3			C15H14O3	242.094294308	3.1038	0	0	0	BTM00001	BTM00001	3'-Dehydroxylation of substituted benzene	BTMR1314	Unspecified bacterial dehydroxylase	GUTMICRO		OC1=CC=C2CC(COC2=C1)C3=CC(O)=C(O)C=C3	InChI=1S/C15H14O4/c16-12-3-1-10-5-11(8-19-15(10)7-12)9-2-4-13(17)14(18)6-9/h1-4,6-7,11,16-18H,5,8H2	BXUZHRKORIBRMQ-UHFFFAOYSA-N		258.0892	Phenol_828
InChI=1S/C15H14O3/c16-13-3-1-2-10(7-13)12-6-11-4-5-14(17)8-15(11)18-9-12/h1-5,7-8,12,16-17H,6,9H2	BMWNMQFETMHGID-UHFFFAOYSA-N	OC1=CC=C2CC(COC2=C1)C3=CC(O)=CC=C3			C15H14O3	242.094294308	3.1038	0	0	0	BTM00002	BTM00002	4'-Dehydroxylation of substituted benzene	BTMR1012	Unspecified bacterial dehydroxylase	GUTMICRO		OC1=CC=C2CC(COC2=C1)C3=CC(O)=C(O)C=C3	InChI=1S/C15H14O4/c16-12-3-1-10-5-11(8-19-15(10)7-12)9-2-4-13(17)14(18)6-9/h1-4,6-7,11,16-18H,5,8H2	BXUZHRKORIBRMQ-UHFFFAOYSA-N		258.0892	Phenol_828
InChI=1S/C21H22O10/c22-13-4-2-9(6-14(13)23)11-5-10-1-3-12(7-15(10)29-8-11)30-21-18(26)16(24)17(25)19(31-21)20(27)28/h1-4,6-7,11,16-19,21-26H,5,8H2,(H,27,28)	WSPFBCXDZPJUBW-UHFFFAOYSA-N	O(C1=CC=C2CC(COC2=C1)C3=CC(O)=C(O)C=C3)C4OC(C(O)C(O)C4O)C(O)=O			C21H22O10	434.121296904	1.1616000000000004	1	1	1	BTM00003	BTM00003	Aromatic OH-glucuronidation	BTMR0166	Bacterial UDP-glucuronosyltransferase	GUTMICRO		OC1=CC=C2CC(COC2=C1)C3=CC(O)=C(O)C=C3	InChI=1S/C15H14O4/c16-12-3-1-10-5-11(8-19-15(10)7-12)9-2-4-13(17)14(18)6-9/h1-4,6-7,11,16-18H,5,8H2	BXUZHRKORIBRMQ-UHFFFAOYSA-N		258.0892	Phenol_828
InChI=1S/C21H22O10/c22-12-3-1-10-5-11(8-29-15(10)7-12)9-2-4-14(13(23)6-9)30-21-18(26)16(24)17(25)19(31-21)20(27)28/h1-4,6-7,11,16-19,21-26H,5,8H2,(H,27,28)	ZLJCZBOUTUCFHA-UHFFFAOYSA-N	OC1=CC=C2CC(COC2=C1)C3=CC(O)=C(OC4OC(C(O)C(O)C4O)C(O)=O)C=C3			C21H22O10	434.121296904	1.1616000000000004	1	1	1	BTM00004	BTM00004	Aromatic OH-glucuronidation	BTMR0166	Bacterial UDP-glucuronosyltransferase	GUTMICRO		OC1=CC=C2CC(COC2=C1)C3=CC(O)=C(O)C=C3	InChI=1S/C15H14O4/c16-12-3-1-10-5-11(8-19-15(10)7-12)9-2-4-13(17)14(18)6-9/h1-4,6-7,11,16-18H,5,8H2	BXUZHRKORIBRMQ-UHFFFAOYSA-N		258.0892	Phenol_828
InChI=1S/C21H22O10/c22-12-3-1-10-5-11(8-29-14(10)7-12)9-2-4-13(23)15(6-9)30-21-18(26)16(24)17(25)19(31-21)20(27)28/h1-4,6-7,11,16-19,21-26H,5,8H2,(H,27,28)	FMTKVPWOYSYFFU-UHFFFAOYSA-N	OC1=CC=C2CC(COC2=C1)C3=CC(OC4OC(C(O)C(O)C4O)C(O)=O)=C(O)C=C3			C21H22O10	434.121296904	1.1616000000000004	1	1	1	BTM00005	BTM00005	Aromatic OH-glucuronidation	BTMR0166	Bacterial UDP-glucuronosyltransferase	GUTMICRO		OC1=CC=C2CC(COC2=C1)C3=CC(O)=C(O)C=C3	InChI=1S/C15H14O4/c16-12-3-1-10-5-11(8-19-15(10)7-12)9-2-4-13(17)14(18)6-9/h1-4,6-7,11,16-18H,5,8H2	BXUZHRKORIBRMQ-UHFFFAOYSA-N		258.0892	Phenol_828
InChI=1S/C21H22O10/c22-12-3-1-10-5-11(8-29-14(10)7-12)9-2-4-13(23)15(6-9)30-21-18(26)16(24)17(25)19(31-21)20(27)28/h1-4,6-7,11,16-19,21-26H,5,8H2,(H,27,28)	FMTKVPWOYSYFFU-UHFFFAOYSA-N	OC1=CC=C2CC(COC2=C1)C3=CC(OC4OC(C(O)C(O)C4O)C(O)=O)=C(O)C=C3			C21H22O10	434.121296904	1.1616000000000004	1	1	1	BTM00005	BTM00005	3-OH-Glucuronidation of a phenolic compound	BTMR1231	Bacterial UDP-glucuronosyltransferase	GUTMICRO		OC1=CC=C2CC(COC2=C1)C3=CC(O)=C(O)C=C3	InChI=1S/C15H14O4/c16-12-3-1-10-5-11(8-19-15(10)7-12)9-2-4-13(17)14(18)6-9/h1-4,6-7,11,16-18H,5,8H2	BXUZHRKORIBRMQ-UHFFFAOYSA-N		258.0892	Phenol_828
